
0
1

1
0

2
0

3
0

4
1

5
1

6
0

7
0

8
0

9
0

10
0

11
1

12
1

13
1

14
0

15
1

16
0

17
0

18
0

19
0

20
1

21
1

22
1

23
0

24
0

25
0

26
0

27
1

28
1

29
1

30
0

31
1

32
0

33
1

34
0

35
0

36
1

37
0

38
1

39
1

40
1

41
1

42
0

43
1

44
0

45
1

46
0

47
0

48
1

49
0

50
1

51
0

52
1

53
0

54
1

55
1

56
1

57
0

58
1

59
1

60
1

61
0

62
0

63
1

64
1

65
1

66
1

67
1

68
1

69
0

70
1

71
1

72
1

73
1

74
0

75
0

76
1

77
0

78
0

79
0

80
1

81
0

82
0

83
0

84
0

85
0

86
1

87
1

88
1

89
1

90
1

91
1

92
1

93
0

94
0

95
1

96
1

97
1

98
0

99
1

100
0

101
0

102
0

103
1

104
0

105
1

106
1

107
0

108
0

109
1

110
1

111
0

112
0

113
1

114
1

115
1

116
1

117
1

118
0

119
1

120
1

121
1

122
1

123
0

124
0

125
1

126
1

127
1

128
0

129
1

130
0

131
0

132
0

133
1

134
1

135
1

136
1

137
1

138
1

139
0

140
0

141
1

142
1

143
1

144
1

145
1

146
0

147
0

148
1

149
0

150
0

151
1

152
1

153
1

154
1

155
1

156
1

157
1

158
0

159
0

160
0

161
0

162
0

163
0

164
1

165
1

166
0

167
0

168
1

169
1

170
1

171
1

172
1

173
0

174
0

175
0

176
1

177
0

178
1

179
1

180
1

181
0

182
0

183
1

184
1

185
0

186
0

187
0

188
0

189
1

190
1

191
0

192
1

193
0

194
1

195
0

196
1

197
0

198
1

199
1

200
0

201
0

202
1

203
1

204
0

205
0

206
1

207
0

208
1

209
0

210
0

211
1

212
1

213
0

214
0

215
1

216
0

217
1

218
1

219
0

220
0

221
0

222
1

223
1

224
1

225
0

226
0

227
1

228
0

229
0

230
0

231
1

232
0

233
1

234
0

235
1

236
0

237
1

238
1

239
0

240
0

241
0

242
0

243
0

244
1

245
0

246
0

247
1

248
0

249
0

250
1

251
1

252
0

253
0

254
1

255
0

256
1

257
1

258
1

259
0

260
0

261
1

262
0

263
1

264
0

265
1

266
1

267
0

268
0

269
1

270
0

271
0

272
0

273
1

274
1

275
0

276
1

277
1

278
0

279
1

280
1

281
0

282
0

283
1

284
1

285
0

286
0

287
1

288
0

289
0

290
1

291
0

292
1

293
1

294
0

295
0

296
1

297
0

298
1

299
1

300
0

301
0

302
0

303
0

304
1

305
0

306
0

307
1

308
1

309
0

310
1

311
0

312
1

313
0

314
0

315
0

316
0

317
0

318
0

319
1

320
0

321
0

322
0

323
0

324
1

325
1

326
1

327
1

328
1

329
0

330
0

331
0

332
0

333
0

334
1

335
1

336
0

337
0

338
0

339
0

340
0

341
1

342
0

343
1

344
0

345
1

346
1

347
1

348
1

349
1

350
1

351
0

352
1

353
0

354
0

355
0

356
0

357
0

358
0

359
1

360
0

361
1

362
0

363
0

364
0

365
1

366
0

367
0

368
0

369
0

370
0

371
0

372
0

373
1

374
1

375
1

376
0

377
0

378
1

379
0

380
1

381
1

382
0

383
0

384
1

385
1

386
0

387
0

388
0

389
1

390
0

391
1

392
1

393
1

394
1

395
0

396
0

397
0

398
1

399
0

400
1

401
1

402
0

403
0

404
0

405
0

406
1

407
1

408
0

409
0

410
1

411
0

412
0

413
1

414
0

415
0

416
0

417
0

418
0

419
0

420
0

421
0

422
1

423
0

424
1

425
1

426
1

427
0

428
0

429
0

430
1

431
0

432
1

433
1

434
0

435
0

436
1

437
0

438
1

439
0

440
0

441
1

442
0

443
0

444
0

445
1

446
1

447
0

448
1

449
0

450
0

451
1

452
1

453
0

454
1

455
1

456
0

457
0

458
0

459
0

460
0

461
0

462
0

463
0

464
1

465
1

466
0

467
0

468
1

469
1

470
0

471
1

472
0

473
0

474
1

475
0

476
1

477
0

478
0

479
0

480
0

481
1

482
1

483
0

484
1

485
0

486
0

487
0

488
0

489
1

490
1

491
0

492
0

493
0

494
0

495
1

496
0

497
1

498
1

499
1

500
0

501
1

502
0

503
1

504
0

505
1

506
1

507
0

508
0

509
1

510
0

511
0

512
0

513
1

514
0

515
0

516
0

517
0

518
1

519
1

520
0

521
0

522
1

523
1

524
1

525
1

526
1

527
1

528
0

529
0

530
1

531
1

532
0

533
0

534
1

535
1

536
1

537
1

538
1

539
0

540
1

541
1

542
1

543
1

544
1

545
1

546
1

547
0

548
1

549
0

550
1

551
0

552
0

553
1

554
1

555
1

556
1

557
1

558
1

559
0

560
1

561
0

562
1

563
0

564
1

565
0

566
1

567
1

568
0

569
1

570
1

571
0

572
0

573
1

574
1

575
0

576
0

577
0

578
0

579
0

580
1

581
1

582
0

583
1

584
1

585
1

586
1

587
0

588
1

589
0

590
1

591
1

592
1

593
1

594
1

595
1

596
1

597
0

598
0

599
1

600
0

601
1

602
1

603
0

604
1

605
0

606
1

607
1

608
1

609
0

610
0

611
0

612
1

613
1

614
1

615
1

616
0

617
0

618
1

619
1

620
1

621
0

622
1

623
1

624
0

625
1

626
0

627
1

628
0

629
0

630
1

631
1

632
0

633
0

634
0

635
0

636
0

637
0

638
0

639
1

640
1

641
0

642
0

643
1

644
0

645
1

646
1

647
0

648
1

649
1

650
0

651
1

652
1

653
1

654
0

655
0

656
1

657
1

658
0

659
1

660
0

661
1

662
1

663
0

664
0

665
1

666
1

667
1

668
1

669
1

670
0

671
0

672
0

673
1

674
0

675
1

676
0

677
1

678
0

679
0

680
1

681
1

682
0

683
0

684
0

685
0

686
0

687
1

688
0

689
0

690
1

691
0

692
0

693
1

694
0

695
1

696
1

697
1

698
0

699
1

700
0

701
0

702
0

703
0

704
0

705
1

706
0

707
0

708
1

709
0

710
0

711
0

712
0

713
1

714
0

715
0

716
0

717
1

718
1

719
0

720
1

721
0

722
1

723
1

724
0

725
0

726
0

727
1

728
1

729
0

730
0

731
0

732
1

733
1

734
0

735
1

736
0

737
0

738
1

739
0

740
1

741
1

742
0

743
1

744
1

745
1

746
1

747
1

748
0

749
1

750
1

751
1

752
0

753
1

754
0

755
0

756
0

757
1

758
1

759
0

760
1

761
0

762
0

763
1

764
0

765
0

766
1

767
0

768
0

769
0

770
0

771
1

772
1

773
1

774
1

775
1

776
1

777
0

778
1

779
1

780
0

781
1

782
1

783
1

784
0

785
0

786
1

787
0

788
0

789
0

790
0

791
0

792
1

793
1

794
1

795
0

796
1

797
1

798
1

799
1

800
1

801
1

802
1

803
1

804
0

805
1

806
0

807
1

808
0

809
0

810
1

811
1

812
1

813
1

814
1

815
0

816
0

817
0

818
1

819
1

820
0

821
1

822
0

823
1

824
0

825
0

826
1

827
1

828
1

829
0

830
1

831
1

832
0

833
1

834
1

835
1

836
1

837
0

838
1

839
0

840
1

841
1

842
0

843
1

844
1

845
0

846
1

847
1

848
1

849
0

850
0

851
1

852
1

853
0

854
0

855
1

856
1

857
1

858
0

859
1

860
1

861
1

862
1

863
0

864
0

865
0

866
1

867
1

868
1

869
0

870
1

871
1

872
1

873
0

874
1

875
0

876
0

877
0

878
0

879
0

880
1

881
0

882
1

883
0

884
0

885
0

886
1

887
0

888
1

889
1

890
0

891
1

892
0

893
0

894
0

895
0

896
1

897
0

898
0

899
1

900
0

901
1

902
1

903
1

904
0

905
0

906
0

907
1

908
0

909
1

910
1

911
0

912
0

913
0

914
0

915
1

916
0

917
1

918
1

919
0

920
0

921
1

922
0

923
1

924
1

925
0

926
0

927
0

928
1

929
0

930
0

931
0

932
1

933
1

934
1

935
0

936
0

937
0

938
1

939
0

940
0

941
1

942
1

943
0

944
1

945
1

946
1

947
1

948
1

949
1

950
1

951
1

952
0

953
0

954
0

955
1

956
0

957
1

958
1

959
0

960
1

961
1

962
1

963
1

964
0

965
0

966
1

967
1

968
1

969
0

970
1

971
1

972
1

973
1

974
0

975
0

976
1

977
1

978
0

979
0

980
1

981
0

982
0

983
1

984
0

985
0

986
1

987
1

988
1

989
0

990
1

991
1

992
1

993
0

994
0

995
0

996
1

997
1

998
0

999
1
